#perp_grad magnitudes
1         0.00000   0.00000   0.00020   
2         0.45800   0.06880   0.13849   
3         0.90740   0.13630   0.08580   
4         1.35738   0.20390   0.09604   
5         1.80816   0.27161   0.09198   
6         2.25917   0.33936   0.10050   
7         2.70578   0.40645   0.08095   
8         3.14933   0.47308   0.07420   
9         3.46648   0.52072   0.05923   
10        3.89263   0.58473   0.05577   
11        4.33879   0.65175   0.06780   
12        4.81956   0.72397   0.09871   
13        5.30535   0.79694   0.15109   
14        5.75654   0.86472   0.14292   
15        6.19959   0.93127   0.10865   
16        6.65712   1.00000   0.00000   
