#perp_grad magnitudes
1         0.00000   0.00000   16.00709  
2         0.45799   0.06880   0.13841   
3         0.90738   0.13630   0.08582   
4         1.35738   0.20390   0.09608   
5         1.80817   0.27162   0.09203   
6         2.25918   0.33937   0.10049   
7         2.70578   0.40645   0.08095   
8         3.14931   0.47308   0.07428   
9         3.46649   0.52072   0.05923   
10        3.89262   0.58474   0.05578   
11        4.33877   0.65175   0.06781   
12        4.81952   0.72397   0.09872   
13        5.30531   0.79694   0.15110   
14        5.75649   0.86472   0.14294   
15        6.19954   0.93127   0.10863   
16        6.65707   1.00000   -nan      
