# Energy profile
1         0.00000   0.00000   -495.03649          0.00000             
2         0.45799   0.06880   -495.02860          4.95437             
3         0.90738   0.13630   -495.01738          11.99545            
4         1.35738   0.20390   -495.00791          17.93700            
5         1.80817   0.27162   -495.00055          22.55733            
6         2.25918   0.33937   -494.99627          25.24172            
7         2.70578   0.40645   -494.99872          23.70163            
8         3.14931   0.47308   -495.01007          16.58172            
9         3.46649   0.52072   -495.02451          7.51665             
10        3.89262   0.58474   -495.02363          8.07101             
11        4.33877   0.65175   -495.02330          8.28164             
12        4.81952   0.72397   -495.02231          8.90253             
13        5.30531   0.79694   -495.02061          9.96484             
14        5.75649   0.86472   -495.03330          2.00275             
15        6.19954   0.93127   -495.04502          -5.34941            
16        6.65707   1.00000   -495.05328          -10.53225           
