#perp_grad magnitudes
1         0.00000   0.00000   2.40555   
2         0.45795   0.06889   0.13923   
3         0.90717   0.13646   0.08554   
4         1.35672   0.20408   0.09595   
5         1.80690   0.27180   0.09188   
6         2.25679   0.33948   0.10037   
7         2.70208   0.40646   0.08069   
8         3.14434   0.47299   0.07424   
9         3.46123   0.52065   0.05905   
10        3.88551   0.58448   0.05565   
11        4.33059   0.65143   0.06768   
12        4.81027   0.72358   0.09850   
13        5.29529   0.79654   0.15087   
14        5.74641   0.86440   0.14285   
15        6.18975   0.93109   0.10880   
16        6.64785   1.00000   2.80262   
